P 1.0626641023 18.4664297299 0 0 4
P 14.2165292407 22.6664828418 1 100 1
P 9.6758799506 7.6078411781 2 100 1
P 5.7485690833 24.4887954208 0 10 5
P 17.1623580255 22.1038590603 0 12 5
P 7.7428828765 1.2347240553 0 0 5
P 21.9762817991 19.4740264703 0 0 4
P 17.7042419104 0.4867097172 0 5 5
P 0.4274431333 7.4490146286 0 0 4
P 15.0870176983 15.5749298080 0 45 5
P 16.5834239855 12.7456525234 0 0 3
P 13.8968451787 6.7860484059 0 22 5
P 11.7314583685 9.7459240562 0 0 3
P 2.7058210889 2.6745802444 0 13 4
P 14.3797107331 19.7612541462 0 0 5
