P 1.6157158943 18.1162271827 0 8 5
P 21.1643800027 15.2826718577 1 100 1
P 9.3717539002 19.1626721021 2 100 1
P 23.6252243103 7.5798721424 0 22 4
P 16.4820000037 9.5188010403 0 1 5
P 1.9629310505 24.7742240396 0 5 3
P 6.3488262115 0.0696984928 0 12 5
P 5.1737530386 21.6999171506 0 13 4
P 24.1695394148 20.4668341193 0 14 5
P 15.3419921252 6.9866238658 0 20 5
P 18.5420725219 18.6173366260 0 3 4
P 23.9053246057 10.6360147841 0 36 5
P 1.5127459793 9.3462979556 0 13 5
P 12.0916388572 6.7806782724 0 1 3
P 24.9729159606 13.3984635223 0 2 3
P 9.3230640367 9.3781113081 0 15 5
P 13.2070364660 11.3215741809 0 19 5
P 5.0514562781 9.7347243386 0 7 3
P 21.2044494443 21.2333225730 0 8 4
P 8.1816086707 7.0019821508 0 31 4
