P 10.3054611107 11.2554506158 0 13 4
P 0.554380093738 12.4421530827 1 100 5
P 20.0565421277 10.0687481489 2 100 5
P 0.0 0.0 0 11 4
P 4.51116362465 22.5109012316 0 8 3
P 12.7714861086 0.237791779583 0 5 4
P 7.83943611277 22.273109452 0 13 3
P 11.89864945711 14.34077038732 0 18 4
P 16.7122727643 16.1701308443 0 22 4
P 0.0 21.1081413574 0 34 5
P 23.6989888833 24.9999887777 0 34 4
P 12.1351750735 19.2143981857 0 44 5
P 24.47574714789 1.29650304585 0 44 5
P 22.0868047836 18.0781409472 0 13 4
P 0.524117437757 6.43276028439 0 8 4
P 2.28695903249 14.6064041831 0 7 3
P 18.3239631889 7.90449704855 0 7 3
P 0.0787217785222 16.7421425565 0 4 3
P 20.5322004429 3.76875867515 0 4 3
P 16.3478944413 22.2756943147 0 35 4
P 7.26302778007 2.23520691688 0 35 4
P 15.7296013102 18.1224624162 0 8 4
P 4.88132091122 4.38843881538 0 19 4
P 5.64835767563 18.2659924733 0 11 5
P 17.5788239251 5.05148236609 0 5 4
